Sample Names	MutationType	SBS96A	SBS96B	SBS96C	SBS96D	SBS96E
G1_1	A[C>A]A	0.01673092049869771	0.005257766888341222	0.2720918550401638	0.20270930622816385	0.5032101513446334
G1_1	A[C>A]C	0.014873692925555168	0.005597851447598085	0.3258265964772246	0.2563775088013764	0.3973243503482458
G1_1	A[C>A]G	0.014865095671360299	0.003510624557290967	0.29960726635303114	0.05748655709763917	0.6245304563206785
G1_1	A[C>A]T	0.0148681824345467	0.005435223534231712	0.13487864496902652	0.2542585610032228	0.5905593880589722
G1_1	A[C>G]A	0.0138465502235876	0.0038896883661126433	0.23029661195168066	0.19490500295388125	0.5570621465047378
G1_1	A[C>G]C	0.02101715138163659	0.006119152490656593	0.2931113847786775	0.219981327605004	0.45977098374402536
G1_1	A[C>G]G	0.021838823586655093	0.007948453418654865	0.018422166346025108	0.21028047747128617	0.7415100791773788
G1_1	A[C>G]T	0.019841212283234138	0.00456174918345201	0.24119237117963768	0.20428366904801643	0.5301209983056598
G1_1	A[C>T]A	0.010806461749846681	0.0063649938540276995	0.43984610545912756	0.0828609341078449	0.46012150482915315
G1_1	A[C>T]C	0.016384291726062875	0.004426079155320779	0.27298578326474726	0.19228451037407898	0.5139193354797901
G1_1	A[C>T]G	0.003900516692811103	0.006800510740338511	0.5532597173861432	0.009256402795558566	0.42678285238514857
G1_1	A[C>T]T	0.020268570093718123	0.00425824766596353	0.23650302295208958	0.1814066587441216	0.5575635005441071
G1_1	A[T>A]A	0.013095655964846013	0.0027296596900922925	0.4572645968348075	0.18111004127201313	0.34580004623824095
G1_1	A[T>A]C	0.01566098288686187	0.004468062965675819	0.3184480185130715	0.20789022129547785	0.45353271433891307
G1_1	A[T>A]G	0.014950203595595764	0.0025471450914418777	0.37179256022308144	0.19737463788875423	0.41333545320112675
G1_1	A[T>A]T	0.01582484014137329	0.004023600123030916	0.26357958290644895	0.2208320837614747	0.49573989306767213
G1_1	A[T>C]A	0.01667685465092586	0.003716657000985335	0.32786658898685356	0.16143230187919613	0.49030759748203906
G1_1	A[T>C]C	0.021834861244387285	0.00604638997307872	0.11951454989762979	0.19805910758978215	0.6545450912951222
G1_1	A[T>C]G	0.018625805207456315	0.004811461853438247	0.3258789331778719	0.17309160850749203	0.4775921912537416
G1_1	A[T>C]T	0.018808376863211938	0.004339433255665181	0.2304190451382123	0.21310576509118623	0.5333273796517244
G1_1	A[T>G]A	0.018348570692350647	0.004070288208585604	0.11492701225166155	0.1370279780128079	0.7256261508345944
G1_1	A[T>G]C	0.01731621996799827	0.00010150090339256026	0.5125438833142243	0.28116947561378397	0.18886892020060103
G1_1	A[T>G]G	0.014166189112981835	0.003822917914261804	0.29525369420854447	0.15691610849282425	0.5298410902713876
G1_1	A[T>G]T	0.013808506189007561	0.0015092186666615715	0.40838444308995614	0.12279486622841997	0.45350296582595495
G1_1	C[C>A]A	0.02083550941701489	0.00485782945965409	0.18424953091828863	0.1442684839647614	0.645788646240281
G1_1	C[C>A]C	0.018639092940236215	0.004247740082573866	0.257485128579481	0.1686681116613244	0.5509599267363846
G1_1	C[C>A]G	0.02024112302838538	0.006235142278888467	0.42832440174765785	0.20063406785857887	0.3445652650864894
G1_1	C[C>A]T	0.01882831150628035	0.004157847169651974	0.22348731896427282	0.22291590123718313	0.5306106211226117
G1_1	C[C>G]A	0.013801457263808653	0.005421869153689741	0.2878202180641249	0.18148667631499826	0.5114697792033784
G1_1	C[C>G]C	0.01884382064503854	0.00519626239994096	0.2570569351399818	0.15524438800065987	0.5636585938143788
G1_1	C[C>G]G	0.019324684985615456	0.002128215717420451	0.3690271721831798	0.2137704509252824	0.39574947618850187
G1_1	C[C>G]T	0.019606928211698516	0.0053830966272224706	0.2912109200859604	0.14873320207213278	0.5350658530029857
G1_1	C[C>T]A	0.016849534015339337	0.005674029490390479	0.29074286163948115	0.19050949667087946	0.4962240781839097
G1_1	C[C>T]C	0.01801651749689841	0.0050681768749404445	0.2518549608887867	0.20270844002809107	0.5223519047112832
G1_1	C[C>T]G	0.004807678130921426	0.007512904461569825	0.5592691010251452	0.015641340805774017	0.4127689755765896
G1_1	C[C>T]T	0.019021478005808404	0.004938693652075198	0.27769315131842115	0.17026319986458371	0.5280834771591115
G1_1	C[T>A]A	0.008962428523306492	0.0029205799914882448	0.35677264619078913	0.21848601006859994	0.41285833522581616
G1_1	C[T>A]C	0.016277390255616014	0.0036550316619845904	0.36052287164229047	0.08733383366124119	0.5322108727788678
G1_1	C[T>A]G	0.01789222756676854	0.004165275292779437	0.31270360774824496	0.13536233222679359	0.5298765571654136
G1_1	C[T>A]T	0.014281705043827865	0.0009892238810012177	0.5987365132956217	0.09737967810091852	0.2886128796786306
G1_1	C[T>C]A	0.014101017886542147	0.004453933539985969	0.25051819380248763	0.22946917097960956	0.5014576837913747
G1_1	C[T>C]C	0.019237178782397273	0.003215805137882959	0.2928327672502166	0.171969598483173	0.5127446503463301
G1_1	C[T>C]G	0.017334019582499603	0.004495369330819462	0.25877607584114676	0.2198819325226977	0.49951260272283643
G1_1	C[T>C]T	0.012695995355636088	0.0026329714067060005	0.2623714876047874	0.21241198736647968	0.5098875582663908
G1_1	C[T>G]A	0.010033088578580856	0.001500377299153753	0.34753713343997583	0.21334391237591702	0.42758548830637255
G1_1	C[T>G]C	0.019194431544432674	0.00383036976223092	0.4176777797470755	0.20367027039696434	0.3556271485492966
G1_1	C[T>G]G	0.008109651872179664	0.001099149851339658	0.3895655103809856	0.22505418449609185	0.37617150339940325
G1_1	C[T>G]T	0.013400507972353428	0.0019898384704113104	0.3518512391323162	0.17408131273708438	0.4586771016878347
G1_1	G[C>A]A	0.014759485544618594	0.003579716915904269	0.3375906376448118	0.1508016465689057	0.49326851332575955
G1_1	G[C>A]C	0.025084976255909504	0.00647770876740441	0.3745106524429132	0.12746966176017316	0.46645700077359975
G1_1	G[C>A]G	0.020850781177990288	0.006165842306451733	0.2553071420513646	0.12618439815727997	0.5914918363069134
G1_1	G[C>A]T	0.0241554614800451	0.0043203571287587774	0.19075546365546792	0.22833158307496518	0.552437134660763
G1_1	G[C>G]A	0.02033960696882416	0.006142149189156012	0.19288885415260393	0.18471194123332588	0.5959174484560901
G1_1	G[C>G]C	0.020396203282633984	0.0069786415708128526	0.03902649961997554	0.19737337420341444	0.7362252813231632
G1_1	G[C>G]G	0.022426701889225666	0.002001921462764369	0.39524862563592655	0.11125435579836505	0.46906839521371835
G1_1	G[C>G]T	0.019185170946087893	0.003959953826236443	0.2656130293795719	0.1687733160312771	0.5424685298168267
G1_1	G[C>T]A	0.016968121405456615	0.0036862325807956427	0.2877779998434846	0.15260835004377468	0.5389592961264884
G1_1	G[C>T]C	0.016052725566402894	0.004192814779122224	0.2886914575875794	0.21767357731226156	0.47338942475463397
G1_1	G[C>T]G	0.004717083271565909	0.007244078247371555	0.5423536588561356	0.014251479866248248	0.4314336997586786
G1_1	G[C>T]T	0.020409659907267133	0.003038992640232009	0.3325462354998133	0.1602916809310458	0.48371343102164166
G1_1	G[T>A]A	0.006494642239125163	0.0007277117303817823	0.5602418152361252	0.18539952496613682	0.24713630582823112
G1_1	G[T>A]C	0.02726429990878683	0.010243194847129048	0.13159667250016238	0.11037947822262266	0.720516354521299
G1_1	G[T>A]G	0.027177924313825375	0.009940027342590333	0.2568469298574527	0.19453376127734542	0.5115013572087861
G1_1	G[T>A]T	0.017894506895393344	0.0023485730552470587	0.4114084981514253	0.16912232056636484	0.3992261013315695
G1_1	G[T>C]A	0.020519460937211076	0.005278284637847156	0.21295306861659963	0.19574583258854053	0.5655033532198017
G1_1	G[T>C]C	0.02114793886058931	0.00589577943817744	0.12282212817905006	0.16861077418090784	0.6815233793412754
G1_1	G[T>C]G	0.02223562275993828	0.006459503820841034	0.1909501622276611	0.17025048388970457	0.610104227301855
G1_1	G[T>C]T	0.020489331752266977	0.005239154759597565	0.2478298958316523	0.21293618589062988	0.5135054317658533
G1_1	G[T>G]A	0.019701478648955068	0.0030376038618196415	0.41682117058454793	0.07445225271637612	0.4859874941883014
G1_1	G[T>G]C	0.01359419959975966	0.0028521471630987235	0.6524563929320637	0.1338253278038137	0.197271932501264
G1_1	G[T>G]G	0.00816818188049938	0.0021688978677476887	0.3901941230958195	0.21537572067495045	0.3840930764809829
G1_1	G[T>G]T	0.012606105572075576	0.00315542904024097	0.18737968797125815	0.2332344264392183	0.563624350977207
G1_1	T[C>A]A	0.0012352406833777891	0.07381571951046263	0.09468714540471226	0.015847188778464055	0.8144147056229831
G1_1	T[C>A]C	0.010946342849338365	0.0028982268193888452	0.050257400175846643	0.054813768503197385	0.8810842616522288
G1_1	T[C>A]G	0.037515032126454774	0.011102891788184402	0.2060372994837458	0.17893687052900004	0.566407906072615
G1_1	T[C>A]T	0.00011679518706490123	0.753943685436737	0.10131052165941515	0.013936154981972603	0.1306928427348104
G1_1	T[C>G]A	6.207461900300607e-05	5.2532089545844025e-05	0.0009559088913704283	0.00023918779649921	0.9986902966035814
G1_1	T[C>G]C	0.002640460721921084	0.0002924216206876414	0.09356065722187422	0.027373181118525075	0.876133279316992
G1_1	T[C>G]G	0.014520122469904332	0.0024131857033003992	0.27308009331307126	0.27084293143566135	0.43914366707806257
G1_1	T[C>G]T	0.0002021765475175931	9.347039957819841e-06	0.007802765577182894	0.004826207385042893	0.9871595034502987
G1_1	T[C>T]A	0.8731450027638167	2.3377054011584813e-20	0.022876654870799307	0.030994560823850652	0.07298378154153329
G1_1	T[C>T]C	0.2014091067519185	0.003634805078427968	0.2444028695988464	0.1424589148428493	0.4080943037279578
G1_1	T[C>T]G	0.014088427355666329	0.0066366968933124085	0.5519628543208528	0.0142993507296644	0.4130126707005042
G1_1	T[C>T]T	0.5313037468341242	0.03036113393781673	0.14720580943857933	0.1314055332477339	0.159723776541746
G1_1	T[T>A]A	0.015455918917308038	0.002924174464107821	0.32964048337894347	0.18518515162239138	0.4667942716172492
G1_1	T[T>A]C	0.027168330018984305	0.005089896203054545	0.24270873604217158	0.18706445465553426	0.5379685830802554
G1_1	T[T>A]G	0.019615945411844225	0.0035448125771074617	0.3114767456779248	0.268883327475046	0.39647916885807744
G1_1	T[T>A]T	0.01626551396743981	0.006169287176816345	0.3693308114227552	0.2415084595193156	0.3667259279136731
G1_1	T[T>C]A	0.022940916444288327	0.007082361036070261	0.29129646972390305	0.1492668617852635	0.5294133910104749
G1_1	T[T>C]C	0.025117336735770362	0.006322710146088662	0.32451164390350806	0.11314630261853016	0.5309020065961028
G1_1	T[T>C]G	0.022548184523220098	0.005579271714015263	0.14736938709838515	0.2478837669849883	0.5766193896793912
G1_1	T[T>C]T	0.01589460946649486	0.00260288218852043	0.30101854820664986	0.2016732480319148	0.4788107121064201
G1_1	T[T>G]A	0.019874204925734263	0.0054773212253367435	0.31082040070046296	0.1780541757657616	0.48577389738270443
G1_1	T[T>G]C	0.022039149219253824	0.005320764455950208	0.184344569854593	0.14008688786714482	0.6482086286030582
G1_1	T[T>G]G	0.024556846125358796	0.00535952498062674	0.31895865428451187	0.19736932125014825	0.4537556533593543
G1_1	T[T>G]T	0.016936038337091775	0.0031646822450577226	0.2828917810284096	0.16567082278246656	0.5313366756069745
G1_2	A[C>A]A	0.011713004873166817	0.0076116150119554865	0.11232478086392667	0.28486698842748387	0.5834836108234671
G1_2	A[C>A]C	0.010690559956957751	0.008320128049639205	0.1380955628367702	0.3698976007285122	0.4729961484281206
G1_2	A[C>A]G	0.01102277525649787	0.005383127038006668	0.13100477817981016	0.08556762774770307	0.7670216917779822
G1_2	A[C>A]T	0.009326719621816316	0.007050427458065386	0.04989141073263398	0.320159632892298	0.6135718092951863
G1_2	A[C>G]A	0.009409346480605488	0.005465874830294514	0.09228199493077177	0.2658647815451394	0.6269780022131889
G1_2	A[C>G]C	0.014910101458864575	0.008976871756672647	0.12261708395135489	0.313265460404683	0.5402304824284249
G1_2	A[C>G]G	0.012851040509487871	0.009672053373475781	0.006392361130220678	0.2483864815103984	0.7226980634764173
G1_2	A[C>G]T	0.013593709694268949	0.006462911199416905	0.09744171171109717	0.280946344227219	0.601555323167998
G1_2	A[C>T]A	0.008918072251957272	0.010862066395570923	0.21404237781839894	0.13726418615571231	0.6289132973783605
G1_2	A[C>T]C	0.011508430206705365	0.0064288692207894295	0.11306807449563516	0.2711144500405098	0.5978801760363602
G1_2	A[C>T]G	0.003646523495196046	0.013146961909059266	0.30499834016226596	0.017370769948895807	0.6608374044845831
G1_2	A[C>T]T	0.013919261899085768	0.006047153750469553	0.09577261407473307	0.2500726913630797	0.6341882789126319
G1_2	A[T>A]A	0.010693269312329886	0.004609127823629809	0.22017214602050278	0.2968559278517469	0.4676695289917905
G1_2	A[T>A]C	0.01133902187300542	0.006689641760154041	0.13595859846533592	0.3021416441796085	0.543871093721896
G1_2	A[T>A]G	0.01132380784887529	0.0039895697925059715	0.1660571688890847	0.30009356245580154	0.5185358910137324
G1_2	A[T>A]T	0.010959534736932718	0.0057622831786926345	0.10764059813713477	0.30699754675339225	0.5686400371938476
G1_2	A[T>C]A	0.012318309427844752	0.005676968013027413	0.14280574457418135	0.23935767270273198	0.5998413052822145
G1_2	A[T>C]C	0.01376303218885458	0.007881100071524918	0.044421786393392504	0.2505984933916082	0.6833355879546199
G1_2	A[T>C]G	0.013703390945467122	0.0073201003824424115	0.14137767236040474	0.2556283128011306	0.5819705235105551
G1_2	A[T>C]T	0.012753499871959329	0.0060846846553995375	0.09213146702912839	0.29006358569704177	0.598966762746471
G1_2	A[T>G]A	0.011676368682420364	0.005356211532976341	0.04312600476309304	0.1750389735444202	0.76480244147709
G1_2	A[T>G]C	0.014466606192282913	0.00017535189817503676	0.2524969696935232	0.47152170059686765	0.2613393716191512
G1_2	A[T>G]G	0.010200916742311461	0.005692566848133764	0.12536983608259397	0.22681597823858002	0.6319207020883808
G1_2	A[T>G]T	0.01099967286562547	0.0024860636121645133	0.1918288000615908	0.19635105056374366	0.5983344128968756
G1_2	C[C>A]A	0.013902177499253411	0.006702672020921793	0.07249309584609509	0.19322802842941908	0.7136740262043106
G1_2	C[C>A]C	0.013030993656202033	0.0061409801362143105	0.10614913520609534	0.23670405115527027	0.6379748398462181
G1_2	C[C>A]G	0.01607537166549858	0.0102399959446538	0.20059069591824968	0.3198534542773735	0.4532404821942245
G1_2	C[C>A]T	0.012674631743489725	0.005787879694894682	0.08871323381652556	0.30122081046333193	0.5916034442817582
G1_2	C[C>G]A	0.009814933567220194	0.007973306342907707	0.120696664220295	0.2590759594882406	0.6024391363813365
G1_2	C[C>G]C	0.013211066328582474	0.007533329846904482	0.1062697811648718	0.21847651986806987	0.6545093027915714
G1_2	C[C>G]G	0.014574685003774748	0.0033191692541940437	0.1641181638600471	0.32363417521032795	0.49435380667165624
G1_2	C[C>G]T	0.014133888892403652	0.008024376331829706	0.12378594052478727	0.21521869357388115	0.6388371006770983
G1_2	C[C>T]A	0.011998332561576484	0.008355098760016593	0.1220825554060838	0.2723137549915386	0.5852502582807846
G1_2	C[C>T]C	0.01243317577528279	0.0072325257287895765	0.10248806309801313	0.28080381632382895	0.5970424190740856
G1_2	C[C>T]G	0.004513474629584767	0.01458513609352562	0.3096050222505064	0.029476067928639542	0.6418202990977437
G1_2	C[C>T]T	0.013496096775438114	0.007246078097022108	0.11618248020155708	0.2424960473332212	0.6205792975927615
G1_2	C[T>A]A	0.006649868674441971	0.0044810879479035524	0.15609552874125152	0.32541003826304477	0.5073634763733581
G1_2	C[T>A]C	0.012586725485808302	0.005844483358883292	0.16438884955720554	0.1355596558817457	0.6816202857163572
G1_2	C[T>A]G	0.01315378562503049	0.006332235455784534	0.13555975906765397	0.19975797345998417	0.6451962463915467
G1_2	C[T>A]T	0.013694479530113636	0.0019614943541592282	0.33854216380093616	0.18743632255055032	0.4583655397642407
G1_2	C[T>C]A	0.009643664173729822	0.006298865656245541	0.10102815845114153	0.3150183918156789	0.5680109199032041
G1_2	C[T>C]C	0.013809828441564182	0.004773793463814654	0.123959017066741	0.2478098290623591	0.609647531965521
G1_2	C[T>C]G	0.01197161017227479	0.006420157178221407	0.10538746463802227	0.30483355973204307	0.5713872082794383
G1_2	C[T>C]T	0.008793780937710325	0.0037712213959658326	0.10716107842646204	0.2953301994646488	0.5849437197752131
G1_2	C[T>G]A	0.007407126422176159	0.0022905648594385313	0.15129614948014103	0.3161661088565267	0.5228400503817175
G1_2	C[T>G]C	0.015098777432447455	0.006230662503402585	0.19374006908163893	0.32159857607659975	0.4633319149059114
G1_2	C[T>G]G	0.006167507945806627	0.001728587667791445	0.17470267570587822	0.34356945596644717	0.4738317727140766
G1_2	C[T>G]T	0.010044419515816548	0.0030842416899616787	0.1555156917910688	0.2619242345274027	0.5694314124757504
G1_2	G[C>A]A	0.011006944833278852	0.005520408962396097	0.14845591760586668	0.22574679952250898	0.6092699290759495
G1_2	G[C>A]C	0.019479367509419997	0.010401825747290268	0.17148924258199005	0.1986954577370559	0.5999341064242437
G1_2	G[C>A]G	0.014713566157800319	0.008997358548391968	0.10623561342224457	0.17873978248630626	0.6913136793852569
G1_2	G[C>A]T	0.01590330932664918	0.00588191594194407	0.07405607717743536	0.30175752129560357	0.6024011762583678
G1_2	G[C>G]A	0.013518636641319626	0.008441851300586082	0.07559777642751431	0.24643662910505093	0.656005106525529
G1_2	G[C>G]C	0.01218832351176915	0.008623678018896254	0.01375199771227378	0.23675717841418117	0.7286788223428797
G1_2	G[C>G]G	0.017800917359780403	0.0032858747723235873	0.18499453219734432	0.17726130644539875	0.6166573692251529
G1_2	G[C>G]T	0.013498733335477407	0.005761618059442391	0.11020169385889379	0.23836971477126512	0.6321682399749213
G1_2	G[C>T]A	0.012178513982896988	0.005471044762646934	0.12179506065717421	0.21986635759896944	0.6406890229983124
G1_2	G[C>T]C	0.011336985905846163	0.006123243097487209	0.12022486797875427	0.308584770623402	0.5537301323945104
G1_2	G[C>T]G	0.004356833405668785	0.013835904068815063	0.29538710695760784	0.026422707864729573	0.6599974477031787
G1_2	G[C>T]T	0.015166505200769202	0.004669887273116809	0.14571804510767275	0.23910060897079935	0.5953449534476418
G1_2	G[T>A]A	0.005799604203981859	0.001343784097826267	0.29500555494150504	0.33233163862408266	0.3655194181326043
G1_2	G[T>A]C	0.01769280398826595	0.013745633125248012	0.05035687530195219	0.14378401319537593	0.774420674389158
G1_2	G[T>A]G	0.01891471430666653	0.014305336520422752	0.1054069944200592	0.2717680721330911	0.5896048826197603
G1_2	G[T>A]T	0.014134026850017226	0.00383598808134004	0.19161565364512834	0.26814336446044557	0.522270966963069
G1_2	G[T>C]A	0.013803317047353403	0.007342387837251397	0.08447203730102708	0.26431997794197937	0.6300622798723887
G1_2	G[T>C]C	0.013444259071718454	0.007750630860873031	0.046042298368946834	0.2151662236351714	0.7175965880632903
G1_2	G[T>C]G	0.014819424046262726	0.008902422176034826	0.07504359129956968	0.22776675340419308	0.6734678090739398
G1_2	G[T>C]T	0.01407815132600095	0.007443994790867097	0.1004114131305676	0.2936887116358171	0.5843777291167472
G1_2	G[T>G]A	0.016067785065012483	0.005122893484253423	0.200455746257477	0.1218863249735081	0.6564672502197489
G1_2	G[T>G]C	0.01359969458127686	0.005900304725042636	0.38489170703268427	0.26874090627726444	0.32686738738373183
G1_2	G[T>G]G	0.006229390328831372	0.0034204736174258134	0.17547385559124723	0.3297135815525078	0.4851626989099878
G1_2	G[T>G]T	0.008232198188725387	0.004261085948182908	0.07215541668560026	0.3057366346146399	0.6096146645628514
G1_2	T[C>A]A	0.0007766794203944704	0.09597675599590112	0.03510692445220993	0.020001491913127098	0.8481381482183674
G1_2	T[C>A]C	0.006774075532124787	0.003708859296662374	0.018339713926868846	0.06809113888166957	0.9030862123626744
G1_2	T[C>A]G	0.02536034483498739	0.015520758357130836	0.08213102272259837	0.24281170471270147	0.6341761693725819
G1_2	T[C>A]T	6.26797163254001e-05	0.8366965579890511	0.032060343954842176	0.015012913824314179	0.11616750451546715
G1_2	T[C>G]A	3.7500209358222466e-05	6.562530035232146e-05	0.0003405239644708633	0.0002900538244934408	0.9992662967013252
G1_2	T[C>G]C	0.001687761938843695	0.00038651642637571213	0.035264383120220434	0.03512179444727347	0.9275395440672868
G1_2	T[C>G]G	0.010003178386777155	0.003437838543958693	0.11093518879939313	0.37454602170489365	0.5010777725649774
G1_2	T[C>G]T	0.00012256751070947804	1.1717789381846491e-05	0.002789360838205918	0.005873142230560118	0.9912032116311426
G1_2	T[C>T]A	0.8162278155634015	4.5189943325562053e-20	0.012610406550913106	0.058160810969644865	0.11300096691604045
G1_2	T[C>T]C	0.15317214001462193	0.005716218239548338	0.10960201219663396	0.21747545951093575	0.5140341700382601
G1_2	T[C>T]G	0.013215494711367874	0.0128735964188713	0.30531090045964243	0.026925090728359934	0.6416749176817584
G1_2	T[C>T]T	0.4393805157522734	0.05192098248481822	0.07178511746275315	0.21813809556044253	0.21877528873971264
G1_2	T[T>A]A	0.011358395437199418	0.004443778796373301	0.14284802687870143	0.27317959931952074	0.5681701995682051
G1_2	T[T>A]C	0.01877129058393345	0.007272221748569617	0.09888448300823698	0.2594432699803014	0.6156287346789586
G1_2	T[T>A]G	0.013941375785045356	0.0052097473903132225	0.1305369820795791	0.3836014250902693	0.466710469654793
G1_2	T[T>A]T	0.01214757559775315	0.009527606344382105	0.1626480683129323	0.362054638537913	0.45362211120701945
G1_2	T[T>C]A	0.01655385024368132	0.010568012524684799	0.12394671764066233	0.21620792546271866	0.6327234941282529
G1_2	T[T>C]C	0.018800587358939035	0.009786515781886211	0.14323187065809118	0.17000361045035636	0.6581774157507273
G1_2	T[T>C]G	0.014328973683786174	0.007331756210072085	0.05522329705169447	0.31620704435695035	0.6069089286974968
G1_2	T[T>C]T	0.011380567327748642	0.003853856689219495	0.12709218832185368	0.28985599834813847	0.5678173893130397
G1_2	T[T>G]A	0.014438533765201449	0.008228649032809073	0.13315405454490353	0.2596602322120058	0.5845185304450801
G1_2	T[T>G]C	0.01472659820295992	0.007352053261059793	0.07263559723396534	0.18789925071028685	0.717386500591728
G1_2	T[T>G]G	0.017905768567402596	0.008081159451274224	0.1371406862576288	0.2888816621187192	0.5479907236049752
G1_2	T[T>G]T	0.012072273798966056	0.004664814276998535	0.11890746720751315	0.2370517830304871	0.6273036616860351
G1_3	A[C>A]A	0.013478599759542721	0.0042666897587571315	0.3691389180640324	0.19524543203035524	0.41787036038731257
G1_3	A[C>A]C	0.011572235912506385	0.004387171717905135	0.42690805684639926	0.2384847667579222	0.31864776876526707
G1_3	A[C>A]G	0.012032284642183392	0.00286239504645018	0.40839656662304746	0.05563254664468633	0.5210762070436326
G1_3	A[C>A]T	0.012815077239174638	0.004718951930029709	0.1957743959738961	0.26201200130470365	0.524679573552196
G1_3	A[C>G]A	0.011416753414385774	0.003230581042545409	0.31977016144580545	0.19213490748721637	0.47344759661004693
G1_3	A[C>G]C	0.01671051101459841	0.004900856104774607	0.392462275483643	0.20911440483398763	0.3768119525629964
G1_3	A[C>G]G	0.020284728602406547	0.0074368220787221105	0.02881575563418948	0.23351843353028076	0.709944260154401
G1_3	A[C>G]T	0.01624610694872733	0.003762506888791695	0.3325783872272844	0.19998480848029795	0.4474281904548986
G1_3	A[C>T]A	0.00811732051841959	0.004816060781975519	0.55638994994418	0.07441513121336214	0.3562615375420628
G1_3	A[C>T]C	0.01321110127711289	0.0035949704335424206	0.37068134624316607	0.18536933988605855	0.42714324216012
G1_3	A[C>T]G	0.002799193435400974	0.004916059125909779	0.6686351018155857	0.007942098477705143	0.31570754714539834
G1_3	A[C>T]T	0.01668949669865825	0.0035319605361045403	0.3279488985581494	0.17858937027774702	0.47324027392934076
G1_3	A[T>A]A	0.009637166986746406	0.0020234637569992264	0.5666815284342106	0.1593481072941765	0.2623097335278673
G1_3	A[T>A]C	0.012307425823853888	0.0035369774689214873	0.4214403505694554	0.19532801038806574	0.36738723574970344
G1_3	A[T>A]G	0.011450273953080134	0.001965111744236605	0.4795333509064711	0.1807350441573207	0.32631621923889154
G1_3	A[T>A]T	0.012774555273788164	0.003271794873220213	0.3583171344331953	0.21313309005556666	0.4125034253642296
G1_3	A[T>C]A	0.01312141325549715	0.00294566768135351	0.4344231738346577	0.15185851978845893	0.3976512254400325
G1_3	A[T>C]C	0.019141922920159243	0.00533944451182914	0.17644333526724731	0.20759275732239224	0.591482539978372
G1_3	A[T>C]G	0.01464866093605349	0.0038117526735544365	0.43160702778211785	0.16275754733471048	0.3871750112735639
G1_3	A[T>C]T	0.015470677294155397	0.0035954712344669123	0.31917269688577515	0.2095730628782722	0.45218809170733026
G1_3	A[T>G]A	0.01626961776638736	0.003635507699825193	0.17161157556855605	0.14526688120009598	0.6632164177651354
G1_3	A[T>G]C	0.01226879863324107	7.244086853503994e-05	0.611546311551752	0.23817675183695236	0.1379356971095195
G1_3	A[T>G]G	0.011342105770058213	0.003083190983922027	0.3980937411573692	0.15020709250652614	0.4372738695821245
G1_3	A[T>G]T	0.010482151515144117	0.00115403956585474	0.5220622316157639	0.11144643925115676	0.35485513805208035
G1_3	C[C>A]A	0.017744971508924692	0.00416752529088239	0.26425725883831813	0.14690105138733056	0.5669291929745442
G1_3	C[C>A]C	0.015201834754918068	0.003489747177892756	0.3536492456079975	0.16446991544725947	0.46318925701193225
G1_3	C[C>A]G	0.01507291674252757	0.004677069896765772	0.5371367465344665	0.17862803758741547	0.2644852292388246
G1_3	C[C>A]T	0.01552420355924478	0.0034532758566125543	0.31031315799716597	0.21974614031275702	0.4509632222742198
G1_3	C[C>G]A	0.01105745728846629	0.004375665902009596	0.3883300288743879	0.17384304706800632	0.42239380086713
G1_3	C[C>G]C	0.015400468259979545	0.0042778035297421	0.3537884421074741	0.15169215686638626	0.4748411292364178
G1_3	C[C>G]G	0.014791930907247593	0.001640940708932816	0.4756857519570651	0.1956331161212539	0.31224826030550057
G1_3	C[C>G]T	0.015751098962470764	0.004356104338287613	0.3939656067973851	0.142853696327248	0.44307349357460846
G1_3	C[C>T]A	0.013463957369479994	0.004567107335572487	0.391239995748043	0.18200516623051327	0.4087237733163912
G1_3	C[C>T]C	0.014670950589136868	0.004157229172336916	0.34537211331404166	0.1973519813548267	0.43844772556965783
G1_3	C[C>T]G	0.0034380431802350756	0.00541188557034429	0.6735132126079372	0.013373102527816554	0.304263756113667
G1_3	C[C>T]T	0.015345547262263861	0.004013423653564519	0.37727032162913887	0.16422571661125868	0.43914499084377406
G1_3	C[T>A]A	0.006896793546167357	0.00226389052964953	0.46234101465046284	0.20101450980302604	0.32748379147069423
G1_3	C[T>A]C	0.012715725871853293	0.0028761552232189746	0.4742840875173659	0.08156825251471031	0.4285557788728515
G1_3	C[T>A]G	0.014237296767261182	0.0033386556747465766	0.41903024224938673	0.12877845362758436	0.43461535168102106
G1_3	C[T>A]T	0.009935163290660857	0.0006931932717198691	0.7014230694732926	0.08099263666458684	0.2069559372997399
G1_3	C[T>C]A	0.011448304912364192	0.0036424974239789424	0.3425148046045099	0.22273954277429706	0.41965485028484995
G1_3	C[T>C]C	0.015392837537221673	0.0025919810724031214	0.3945902297650539	0.1645171716573814	0.4229077799679399
G1_3	C[T>C]G	0.014030801606867415	0.0036653324844864985	0.3527415958793961	0.212791854296791	0.41677041573245893
G1_3	C[T>C]T	0.010265775756776762	0.002144548922016648	0.3572654408305871	0.20534602181822229	0.4249782126723972
G1_3	C[T>G]A	0.007761785083664663	0.0011692092648882305	0.4527698851868605	0.19732834560437895	0.3409707748602076
G1_3	C[T>G]C	0.014361558822391561	0.002886900551859836	0.5262802228290978	0.18219490142546196	0.27427641637118877
G1_3	C[T>G]G	0.006134010735134527	0.0008374599028223383	0.49621760952079524	0.20352214231090088	0.29328877753034704
G1_3	C[T>G]T	0.010397189314243627	0.0015551679947117512	0.4597302984571192	0.16148385041742666	0.3668334938164987
G1_3	G[C>A]A	0.011570375020555756	0.002826764939747694	0.4456726273752891	0.14133982586951666	0.3985904067948908
G1_3	G[C>A]C	0.019362953777671055	0.005036677336146866	0.4868233955736996	0.11763782891004655	0.37113914440243584
G1_3	G[C>A]G	0.01712490464913191	0.005101090650798335	0.3531166105869057	0.12390640168912995	0.5007509924240342
G1_3	G[C>A]T	0.020261610971152404	0.003650422041498477	0.26945420858766805	0.22898491563782883	0.47764884276185227
G1_3	G[C>G]A	0.01714312932374568	0.005214740508853043	0.2737814565130477	0.18613359702727436	0.5177270766270793
G1_3	G[C>G]C	0.01874627416703795	0.006461023524391335	0.06040523584659376	0.21688846298768957	0.6974990034742875
G1_3	G[C>G]G	0.017164491362269746	0.001543395965214234	0.5094308582982484	0.10180399113851187	0.37005726323575566
G1_3	G[C>G]T	0.015579651515068184	0.0032392687739052125	0.36323759592815597	0.16386194373552893	0.45408154004734175
G1_3	G[C>T]A	0.013647487801798286	0.002986527250717999	0.38978569207695596	0.14675047028648042	0.4468298225840474
G1_3	G[C>T]C	0.012794575965523023	0.003366259485144241	0.38748991240551245	0.20742690317648685	0.3889223489673334
G1_3	G[C>T]G	0.0034006643013254987	0.005260634741242797	0.6584490045260327	0.012283791486970473	0.3206059049444284
G1_3	G[C>T]T	0.016023476803748275	0.0024033412075457187	0.4396654869681171	0.15045763260902228	0.39145006241156666
G1_3	G[T>A]A	0.00455094859062496	0.0005136542301249954	0.6611067158917985	0.15532364252989506	0.17850503875755638
G1_3	G[T>A]C	0.024045571859900715	0.009099991575579443	0.19544970504295658	0.11638884255264433	0.6550158889689188
G1_3	G[T>A]G	0.022103823440314262	0.008143357360333349	0.35178300025369735	0.1891595859586504	0.42881023298700466
G1_3	G[T>A]T	0.013486964617052179	0.0017830493084708887	0.5221762231910424	0.15239743752209847	0.31015632536133597
G1_3	G[T>C]A	0.017079648899279227	0.004425584062305842	0.2985013129371969	0.19479946915015273	0.4851939849510653
G1_3	G[T>C]C	0.018583184428083193	0.005218649335147582	0.18175152385942567	0.1771412341849224	0.6173054081924212
G1_3	G[T>C]G	0.01880005180695196	0.005501406100589622	0.2718811711383168	0.17209979636339115	0.5317175745907504
G1_3	G[T>C]T	0.0166984994619291	0.004301061736913645	0.3401360770918875	0.20748245406401097	0.43138190764525874
G1_3	G[T>G]A	0.01498596624841989	0.002327458042583922	0.5339308913805578	0.06770894133705584	0.38104674299138247
G1_3	G[T>G]C	0.009194172725962239	0.0019431026445954143	0.7431215548438748	0.1082130367744306	0.13752813301113684
G1_3	G[T>G]G	0.006183947901730754	0.0016540335745830435	0.4974741265092381	0.19494828501533992	0.2997396069991081
G1_3	G[T>G]T	0.010583010692245884	0.002668403549924563	0.2649111012825932	0.23410096421561458	0.4877365202596217
G1_3	T[C>A]A	0.0011296436306283651	0.06799915640537646	0.14582441619236539	0.017327039093682	0.7677197446779478
G1_3	T[C>A]C	0.010208835335528535	0.0027227283908547147	0.07893262076176763	0.06111939779073583	0.8470164177211134
G1_3	T[C>A]G	0.031434091749929165	0.009371227851512341	0.2907306333429622	0.17925764401122363	0.48920640304437274
G1_3	T[C>A]T	0.00010798747472625075	0.70218596309282	0.15774381575618882	0.015405424114255124	0.12455680956200982
G1_3	T[C>G]A	6.018226688138842e-05	5.1303140617043176e-05	0.0015607032417619276	0.0002772526784082946	0.9980505586723314
G1_3	T[C>G]C	0.002408467143042426	0.00026867996975677957	0.1437155065298861	0.029851663553698615	0.8237556828036161
G1_3	T[C>G]G	0.011585471340391238	0.0019395410155456367	0.36692966298767343	0.2583706550583659	0.36117466959802375
G1_3	T[C>G]T	0.00019502516338709076	9.082361214980267e-06	0.012675286526902568	0.005566062865165479	0.9815545430833298
G1_3	T[C>T]A	0.852716342773587	2.2997085010799396e-20	0.037623577230133445	0.03618978088512197	0.07347029911115754
G1_3	T[C>T]C	0.16678035009163386	0.0030318778520886267	0.3408171419445563	0.14103849416492895	0.34833213594679235
G1_3	T[C>T]G	0.010112879890088924	0.004798760905620208	0.6672238098493242	0.0122718744525625	0.30559267490240427
G1_3	T[C>T]T	0.4695431624999177	0.027028094354954648	0.21908212432096902	0.13884445748492055	0.14550216133923802
G1_3	T[T>A]A	0.01211189280785374	0.002308262864543221	0.4350178541838969	0.17350244615865223	0.37705954398505404
G1_3	T[T>A]C	0.02228364327648379	0.004205299930696445	0.33524168410752375	0.1834411559791092	0.45482821670618684
G1_3	T[T>A]G	0.015350375746598654	0.0027942666077273117	0.4104731427547359	0.25156828734451964	0.3198139275464185
G1_3	T[T>A]T	0.012405027898486186	0.00473946955523544	0.4743455669841241	0.22021381208239516	0.2882961234797591
G1_3	T[T>C]A	0.018429417221881652	0.005731175366350725	0.3940809232853396	0.14336610752387685	0.43839237660255115
G1_3	T[T>C]C	0.019926575982014246	0.005052742439454452	0.43354953789428324	0.10732025874620067	0.43415088493804743
G1_3	T[T>C]G	0.01932018297133914	0.004815506393228768	0.2126455426999364	0.25393934497503906	0.5092794229604565
G1_3	T[T>C]T	0.012613681486888713	0.002080708813157664	0.40228571113681316	0.1913473906479334	0.39167250791520697
G1_3	T[T>G]A	0.01574282813939143	0.0043704484182631315	0.4146215381603773	0.16862711387619775	0.3966380714057703
G1_3	T[T>G]C	0.018780871538722137	0.004567302188440063	0.2645456457607522	0.1427251988692173	0.5693809816428684
G1_3	T[T>G]G	0.01932411986556717	0.004248329858540437	0.42267919902272494	0.18569022147291744	0.36805812978025
G1_3	T[T>G]T	0.013632932149305884	0.0025660927653004557	0.3834838922626646	0.15944309907430484	0.4408739837484241
G1_4	A[C>A]A	0.009166456221994697	0.00647453045400023	0.1078267084486312	0.27069122363106407	0.6058410812443098
G1_4	A[C>A]C	0.008445526247909575	0.0071442162537975265	0.1338207964291286	0.3548188492985562	0.4957706117706081
G1_4	A[C>A]G	0.008484720891945961	0.004503804767079954	0.12369477854441642	0.07997513947361834	0.7833415563229393
G1_4	A[C>A]T	0.007280780330064597	0.005982225429439182	0.047774089010953855	0.30346910679034844	0.635493798439194
G1_4	A[C>G]A	0.007332578734959959	0.004629725855855239	0.08821285372161808	0.2515689236733082	0.6482559180142585
G1_4	A[C>G]C	0.011719818425569297	0.007669439480422543	0.1182248826222211	0.2989865862201726	0.5633992732516147
G1_4	A[C>G]G	0.00994925366341842	0.008138965636375867	0.006070593275037133	0.23349579991430783	0.7423453875108607
G1_4	A[C>G]T	0.010625031448203036	0.005490586542857475	0.09342320472808074	0.26663338412561916	0.6238277931552395
G1_4	A[C>T]A	0.00694352327602638	0.009192204584661334	0.20442137229224133	0.1297672361436304	0.6496756637034405
G1_4	A[C>T]C	0.008993521203017935	0.005460678213081379	0.10838552718147747	0.25725584232099635	0.6199044310814269
G1_4	A[C>T]G	0.0028269077877069275	0.011077872187262156	0.2900332073758048	0.016351236538731665	0.6797107761104944
G1_4	A[C>T]T	0.010848662266265975	0.0051228225544799515	0.0915627752589856	0.23666016188904904	0.6558055780312193
G1_4	A[T>A]A	0.008441721352541355	0.003954918877244516	0.21320653238188125	0.2845542915853865	0.48984253580294645
G1_4	A[T>A]C	0.008901419279231495	0.005708011579516457	0.13092059402693876	0.2880004453551881	0.5664695297591251
G1_4	A[T>A]G	0.008904370117458966	0.003409848616095944	0.160171766336722	0.286527491506281	0.5409865234234421
G1_4	A[T>A]T	0.008585749211444308	0.0049065812815272634	0.10343792666626961	0.2920249057514649	0.5910448370892939
G1_4	A[T>C]A	0.009622567844356156	0.004820084360144002	0.13683688335715485	0.22703150731194918	0.6216889571263958
G1_4	A[T>C]C	0.01068779662469496	0.006652106856781536	0.042314352371886764	0.23629330541090107	0.7040524387357356
G1_4	A[T>C]G	0.010725777217639598	0.006227533611374932	0.13573729013829058	0.24294534610701105	0.6043640529256838
G1_4	A[T>C]T	0.009969318090768932	0.005169784806511291	0.08834087184257376	0.2753139318172235	0.6212060934429225
G1_4	A[T>G]A	0.008998054796335902	0.004486388449187743	0.040765960943283	0.16378514079522472	0.7819644550159687
G1_4	A[T>G]C	0.011632360780044431	0.0001532533564543568	0.24904337765357543	0.46036446681773385	0.2788065413921919
G1_4	A[T>G]G	0.00794467961640723	0.004818852617807004	0.11976994954614234	0.2144913274797149	0.6529751907399286
G1_4	A[T>G]T	0.008584938602807922	0.0021089582415843985	0.1836491225999802	0.18607565647778831	0.6195813240778392
G1_4	C[C>A]A	0.010763392437862476	0.0056404354578709105	0.06884630177524528	0.18164998858805365	0.7330998817409676
G1_4	C[C>A]C	0.010150544758151948	0.005199335342618392	0.10142520656080273	0.2238805753675826	0.6593443379708444
G1_4	C[C>A]G	0.012728130881153259	0.008812552428266623	0.19481931777856776	0.30750597682244063	0.4761340220895716
G1_4	C[C>A]T	0.00991399510719979	0.004920748458177795	0.08511760287272188	0.2860864108967885	0.613961242665112
G1_4	C[C>G]A	0.007665463624842181	0.006768428297737283	0.11562825016987201	0.24568411878705076	0.6242537391204978
G1_4	C[C>G]C	0.010277630574348693	0.006370014674718503	0.10141041025660953	0.20637581703480812	0.6755661274595153
G1_4	C[C>G]G	0.011490998699759456	0.002844371486920276	0.15872044447998782	0.3098217342488496	0.5171224510844828
G1_4	C[C>G]T	0.011011021600924929	0.006794782338591797	0.11829186685300298	0.20358456049262394	0.6603177687148564
G1_4	C[C>T]A	0.009388543585141077	0.007106033304880807	0.11717867047557791	0.25872942099656565	0.6075973316378344
G1_4	C[C>T]C	0.009720180472416266	0.006145830260834202	0.0982840770647999	0.2665595011989216	0.619290411003028
G1_4	C[C>T]G	0.003505661234283267	0.012313109617768552	0.29497455927084293	0.02779888619585184	0.6614077836812534
G1_4	C[C>T]T	0.010529846868575603	0.006144905402146688	0.11119164065361573	0.22972985689067055	0.6424037501849914
G1_4	C[T>A]A	0.005230881770712549	0.003831277617526868	0.15061558811727593	0.31080764143322365	0.529514611061261
G1_4	C[T>A]C	0.009760622947634776	0.004926168032743135	0.1563704749984501	0.12764215855253064	0.7013005754686413
G1_4	C[T>A]G	0.010237204529849601	0.005356560260712453	0.12941333589375828	0.1887702931731597	0.6662226061425199
G1_4	C[T>A]T	0.010810007721762058	0.0016829292346660048	0.3278014437484001	0.179652445856584	0.48005317343858783
G1_4	C[T>C]A	0.0075545311930830545	0.005363226092623063	0.09707904614767414	0.2996403232002102	0.5903628733664096
G1_4	C[T>C]C	0.010782080503532777	0.0040511304825973675	0.1187162128846064	0.23492634456507575	0.6315242315641877
G1_4	C[T>C]G	0.009378755828056026	0.005466843515000605	0.10127429827499962	0.28997085337536854	0.5939092490065752
G1_4	C[T>C]T	0.006875372218807321	0.003204799917498937	0.1027721095483334	0.28036728579785647	0.6067804325175038
G1_4	C[T>G]A	0.005818318277010919	0.001955638734504571	0.14577841235941225	0.3015518089633593	0.544895821665713
G1_4	C[T>G]C	0.011938150924394719	0.005354609799642361	0.1879024121562534	0.3087509518663691	0.48605387525334043
G1_4	C[T>G]G	0.004863267706471196	0.0014815222854404756	0.16898012962639863	0.3289515313615527	0.49572354902013693
G1_4	C[T>G]T	0.007861327212396947	0.0026237216124099594	0.14930105276649305	0.24891187701772005	0.59130202139098
G1_4	G[C>A]A	0.008588573847539268	0.004681918355001368	0.1420919261574232	0.2138822640312707	0.6307553176087655
G1_4	G[C>A]C	0.015237554079535642	0.008843991207387053	0.16454887377766841	0.18872405266391995	0.6226455282714889
G1_4	G[C>A]G	0.011414243589801068	0.007586518778724976	0.10109203602487078	0.16836403349335616	0.7115431681132469
G1_4	G[C>A]T	0.012436234108337049	0.004999407250747778	0.07103619803972275	0.2865222762029057	0.6250058843982866
G1_4	G[C>G]A	0.010520131804803799	0.007140428969314153	0.07216305838463682	0.23285869107835327	0.677317689762892
G1_4	G[C>G]C	0.009428588087471015	0.0072509271546268095	0.013049266617705946	0.2223846216796586	0.7478865964605377
G1_4	G[C>G]G	0.013888583529535127	0.0027865375419939796	0.17704843279773372	0.1679300522986201	0.6383463938321172
G1_4	G[C>G]T	0.01052026100785287	0.004880634453873049	0.10535117652559998	0.22557111168404156	0.6536768163286325
G1_4	G[C>T]A	0.009480832995382795	0.004629358188629364	0.11630529758598257	0.20783078860558638	0.6617537226244189
G1_4	G[C>T]C	0.008892931947595484	0.0052206813111650135	0.11568027020965059	0.2939143275658999	0.576291788965689
G1_4	G[C>T]G	0.003378752464792195	0.011662489966214376	0.28099240424754063	0.024880645935435878	0.679085707386017
G1_4	G[C>T]T	0.01185627951011154	0.003967963123613864	0.13973135498522452	0.2269564341391686	0.6174879682418813
G1_4	G[T>A]A	0.004611596974335695	0.0011613972846418778	0.2877403759652595	0.32086591469075326	0.38562071508500967
G1_4	G[T>A]C	0.013646903501327528	0.011523927625570918	0.04764461826175002	0.1346625896339442	0.7925219609774073
G1_4	G[T>A]G	0.01482321350705862	0.012185377163397645	0.10132803750591597	0.2586067866707338	0.613056585152894
